== identity ==
usb 1532:00a8:02142000:usb pid=0x00a8
-- serial (00:82)
usb 1532:00a8:02142000:usb pid=0x00a8
response[90]: 02 1f 00 00 00 16 00 82 36 33 32 35 31 31 48 32 34 36 30 30 37 32 32 00 00 00 00 00 00 00 00 00 00 00 00 00 00 00 00 00 00 00 00 00 00 00 00 00 00 00 00 00 00 00 00 00 00 00 00 00 00 00 00 00 00 00 00 00 00 00 00 00 00 00 00 00 00 00 00 00 00 00 00 00 00 00 00 00 d9 00
-- firmware (00:81)
usb 1532:00a8:02142000:usb pid=0x00a8
response[90]: 02 1f 00 00 00 02 00 81 01 03 00 00 00 00 00 00 00 00 00 00 00 00 00 00 00 00 00 00 00 00 00 00 00 00 00 00 00 00 00 00 00 00 00 00 00 00 00 00 00 00 00 00 00 00 00 00 00 00 00 00 00 00 00 00 00 00 00 00 00 00 00 00 00 00 00 00 00 00 00 00 00 00 00 00 00 00 00 00 81 00
-- device mode (00:84)
usb 1532:00a8:02142000:usb pid=0x00a8
response[90]: 02 1f 00 00 00 02 00 84 00 00 00 00 00 00 00 00 00 00 00 00 00 00 00 00 00 00 00 00 00 00 00 00 00 00 00 00 00 00 00 00 00 00 00 00 00 00 00 00 00 00 00 00 00 00 00 00 00 00 00 00 00 00 00 00 00 00 00 00 00 00 00 00 00 00 00 00 00 00 00 00 00 00 00 00 00 00 00 00 86 00
-- poll rate (00:85)
usb 1532:00a8:02142000:usb pid=0x00a8
response[90]: 02 1f 00 00 00 01 00 85 01 00 00 00 00 00 00 00 00 00 00 00 00 00 00 00 00 00 00 00 00 00 00 00 00 00 00 00 00 00 00 00 00 00 00 00 00 00 00 00 00 00 00 00 00 00 00 00 00 00 00 00 00 00 00 00 00 00 00 00 00 00 00 00 00 00 00 00 00 00 00 00 00 00 00 00 00 00 00 00 85 00
== DPI ==
-- dpi persist (04:85 storage 01)
usb 1532:00a8:02142000:usb pid=0x00a8
response[90]: 02 1f 00 00 00 07 04 85 01 08 98 08 98 00 00 00 00 00 00 00 00 00 00 00 00 00 00 00 00 00 00 00 00 00 00 00 00 00 00 00 00 00 00 00 00 00 00 00 00 00 00 00 00 00 00 00 00 00 00 00 00 00 00 00 00 00 00 00 00 00 00 00 00 00 00 00 00 00 00 00 00 00 00 00 00 00 00 00 87 00
-- dpi stages (04:86 storage 01)
usb 1532:00a8:02142000:usb pid=0x00a8
response[90]: 02 1f 00 00 00 26 04 86 01 02 02 01 04 4c 04 4c 00 00 02 08 98 08 98 00 00 00 00 00 00 00 00 00 00 00 00 00 00 00 00 00 00 00 00 00 00 00 00 00 00 00 00 00 00 00 00 00 00 00 00 00 00 00 00 00 00 00 00 00 00 00 00 00 00 00 00 00 00 00 00 00 00 00 00 00 00 00 00 00 a6 00
== power ==
-- battery (07:80)
usb 1532:00a8:02142000:usb pid=0x00a8
response[90]: 02 1f 00 00 00 02 07 80 00 61 00 00 00 00 00 00 00 00 00 00 00 00 00 00 00 00 00 00 00 00 00 00 00 00 00 00 00 00 00 00 00 00 00 00 00 00 00 00 00 00 00 00 00 00 00 00 00 00 00 00 00 00 00 00 00 00 00 00 00 00 00 00 00 00 00 00 00 00 00 00 00 00 00 00 00 00 00 00 e4 00
-- low battery threshold (07:81)
usb 1532:00a8:02142000:usb pid=0x00a8
response[90]: 02 1f 00 00 00 01 07 81 0d 00 00 00 00 00 00 00 00 00 00 00 00 00 00 00 00 00 00 00 00 00 00 00 00 00 00 00 00 00 00 00 00 00 00 00 00 00 00 00 00 00 00 00 00 00 00 00 00 00 00 00 00 00 00 00 00 00 00 00 00 00 00 00 00 00 00 00 00 00 00 00 00 00 00 00 00 00 00 00 8a 00
-- idle time (07:83)
usb 1532:00a8:02142000:usb pid=0x00a8
response[90]: 02 1f 00 00 00 02 07 83 01 2c 00 00 00 00 00 00 00 00 00 00 00 00 00 00 00 00 00 00 00 00 00 00 00 00 00 00 00 00 00 00 00 00 00 00 00 00 00 00 00 00 00 00 00 00 00 00 00 00 00 00 00 00 00 00 00 00 00 00 00 00 00 00 00 00 00 00 00 00 00 00 00 00 00 00 00 00 00 00 ab 00
== scroll ==
-- scroll mode (02:94 storage 01)
usb 1532:00a8:02142000:usb pid=0x00a8
response[90]: 05 1f 00 00 00 02 02 94 01 00 00 00 00 00 00 00 00 00 00 00 00 00 00 00 00 00 00 00 00 00 00 00 00 00 00 00 00 00 00 00 00 00 00 00 00 00 00 00 00 00 00 00 00 00 00 00 00 00 00 00 00 00 00 00 00 00 00 00 00 00 00 00 00 00 00 00 00 00 00 00 00 00 00 00 00 00 00 00 95 00
-- scroll acceleration (02:96 storage 01)
usb 1532:00a8:02142000:usb pid=0x00a8
response[90]: 02 1f 00 00 00 02 02 96 01 00 00 00 00 00 00 00 00 00 00 00 00 00 00 00 00 00 00 00 00 00 00 00 00 00 00 00 00 00 00 00 00 00 00 00 00 00 00 00 00 00 00 00 00 00 00 00 00 00 00 00 00 00 00 00 00 00 00 00 00 00 00 00 00 00 00 00 00 00 00 00 00 00 00 00 00 00 00 00 97 00
== onboard profiles ==
-- profile count (05:80)
usb 1532:00a8:02142000:usb pid=0x00a8
response[90]: 02 1f 00 00 00 01 05 80 02 00 00 00 00 00 00 00 00 00 00 00 00 00 00 00 00 00 00 00 00 00 00 00 00 00 00 00 00 00 00 00 00 00 00 00 00 00 00 00 00 00 00 00 00 00 00 00 00 00 00 00 00 00 00 00 00 00 00 00 00 00 00 00 00 00 00 00 00 00 00 00 00 00 00 00 00 00 00 00 86 00
-- profile inventory (05:81)
usb 1532:00a8:02142000:usb pid=0x00a8
response[90]: 02 1f 00 00 00 03 05 81 05 01 02 00 00 00 00 00 00 00 00 00 00 00 00 00 00 00 00 00 00 00 00 00 00 00 00 00 00 00 00 00 00 00 00 00 00 00 00 00 00 00 00 00 00 00 00 00 00 00 00 00 00 00 00 00 00 00 00 00 00 00 00 00 00 00 00 00 00 00 00 00 00 00 00 00 00 00 00 00 81 00
-- active profile (05:84)
usb 1532:00a8:02142000:usb pid=0x00a8
response[90]: 02 1f 00 00 00 01 05 84 01 00 00 00 00 00 00 00 00 00 00 00 00 00 00 00 00 00 00 00 00 00 00 00 00 00 00 00 00 00 00 00 00 00 00 00 00 00 00 00 00 00 00 00 00 00 00 00 00 00 00 00 00 00 00 00 00 00 00 00 00 00 00 00 00 00 00 00 00 00 00 00 00 00 00 00 00 00 00 00 81 00
== live button slots (profile 01) ==
-- slot 0x01
usb 1532:00a8:02142000:usb pid=0x00a8
response[90]: 02 1f 00 00 00 0a 02 8c 01 01 00 01 01 01 00 00 00 00 00 00 00 00 00 00 00 00 00 00 00 00 00 00 00 00 00 00 00 00 00 00 00 00 00 00 00 00 00 00 00 00 00 00 00 00 00 00 00 00 00 00 00 00 00 00 00 00 00 00 00 00 00 00 00 00 00 00 00 00 00 00 00 00 00 00 00 00 00 00 85 00
-- slot 0x02
usb 1532:00a8:02142000:usb pid=0x00a8
response[90]: 02 1f 00 00 00 0a 02 8c 01 02 00 01 01 02 00 00 00 00 00 00 00 00 00 00 00 00 00 00 00 00 00 00 00 00 00 00 00 00 00 00 00 00 00 00 00 00 00 00 00 00 00 00 00 00 00 00 00 00 00 00 00 00 00 00 00 00 00 00 00 00 00 00 00 00 00 00 00 00 00 00 00 00 00 00 00 00 00 00 85 00
-- slot 0x03
usb 1532:00a8:02142000:usb pid=0x00a8
response[90]: 02 1f 00 00 00 0a 02 8c 01 03 00 01 01 03 00 00 00 00 00 00 00 00 00 00 00 00 00 00 00 00 00 00 00 00 00 00 00 00 00 00 00 00 00 00 00 00 00 00 00 00 00 00 00 00 00 00 00 00 00 00 00 00 00 00 00 00 00 00 00 00 00 00 00 00 00 00 00 00 00 00 00 00 00 00 00 00 00 00 85 00
-- slot 0x04
usb 1532:00a8:02142000:usb pid=0x00a8
response[90]: 02 1f 00 00 00 0a 02 8c 01 04 00 01 01 04 00 00 00 00 00 00 00 00 00 00 00 00 00 00 00 00 00 00 00 00 00 00 00 00 00 00 00 00 00 00 00 00 00 00 00 00 00 00 00 00 00 00 00 00 00 00 00 00 00 00 00 00 00 00 00 00 00 00 00 00 00 00 00 00 00 00 00 00 00 00 00 00 00 00 85 00
-- slot 0x05
usb 1532:00a8:02142000:usb pid=0x00a8
response[90]: 02 1f 00 00 00 0a 02 8c 01 05 00 01 01 05 00 00 00 00 00 00 00 00 00 00 00 00 00 00 00 00 00 00 00 00 00 00 00 00 00 00 00 00 00 00 00 00 00 00 00 00 00 00 00 00 00 00 00 00 00 00 00 00 00 00 00 00 00 00 00 00 00 00 00 00 00 00 00 00 00 00 00 00 00 00 00 00 00 00 85 00
-- slot 0x09
usb 1532:00a8:02142000:usb pid=0x00a8
response[90]: 02 1f 00 00 00 0a 02 8c 01 09 00 01 01 09 00 00 00 00 00 00 00 00 00 00 00 00 00 00 00 00 00 00 00 00 00 00 00 00 00 00 00 00 00 00 00 00 00 00 00 00 00 00 00 00 00 00 00 00 00 00 00 00 00 00 00 00 00 00 00 00 00 00 00 00 00 00 00 00 00 00 00 00 00 00 00 00 00 00 85 00
-- slot 0x0A
usb 1532:00a8:02142000:usb pid=0x00a8
response[90]: 02 1f 00 00 00 0a 02 8c 01 0a 00 01 01 0a 00 00 00 00 00 00 00 00 00 00 00 00 00 00 00 00 00 00 00 00 00 00 00 00 00 00 00 00 00 00 00 00 00 00 00 00 00 00 00 00 00 00 00 00 00 00 00 00 00 00 00 00 00 00 00 00 00 00 00 00 00 00 00 00 00 00 00 00 00 00 00 00 00 00 85 00
-- slot 0x0E
usb 1532:00a8:02142000:usb pid=0x00a8
response[90]: 02 1f 00 00 00 0a 02 8c 01 0e 00 07 01 04 00 00 00 00 00 00 00 00 00 00 00 00 00 00 00 00 00 00 00 00 00 00 00 00 00 00 00 00 00 00 00 00 00 00 00 00 00 00 00 00 00 00 00 00 00 00 00 00 00 00 00 00 00 00 00 00 00 00 00 00 00 00 00 00 00 00 00 00 00 00 00 00 00 00 89 00
-- slot 0x34
usb 1532:00a8:02142000:usb pid=0x00a8
response[90]: 02 1f 00 00 00 0a 02 8c 01 34 00 0d 04 00 4b 00 32 00 00 00 00 00 00 00 00 00 00 00 00 00 00 00 00 00 00 00 00 00 00 00 00 00 00 00 00 00 00 00 00 00 00 00 00 00 00 00 00 00 00 00 00 00 00 00 00 00 00 00 00 00 00 00 00 00 00 00 00 00 00 00 00 00 00 00 00 00 00 00 c1 00
-- slot 0x35
usb 1532:00a8:02142000:usb pid=0x00a8
response[90]: 02 1f 00 00 00 0a 02 8c 01 35 00 0d 04 00 4e 00 32 00 00 00 00 00 00 00 00 00 00 00 00 00 00 00 00 00 00 00 00 00 00 00 00 00 00 00 00 00 00 00 00 00 00 00 00 00 00 00 00 00 00 00 00 00 00 00 00 00 00 00 00 00 00 00 00 00 00 00 00 00 00 00 00 00 00 00 00 00 00 00 c5 00
-- slot 0x40
usb 1532:00a8:02142000:usb pid=0x00a8
response[90]: 02 1f 00 00 00 0a 02 8c 01 40 00 02 01 00 1e 00 00 00 00 00 00 00 00 00 00 00 00 00 00 00 00 00 00 00 00 00 00 00 00 00 00 00 00 00 00 00 00 00 00 00 00 00 00 00 00 00 00 00 00 00 00 00 00 00 00 00 00 00 00 00 00 00 00 00 00 00 00 00 00 00 00 00 00 00 00 00 00 00 d8 00
-- slot 0x4B
usb 1532:00a8:02142000:usb pid=0x00a8
response[90]: 02 1f 00 00 00 0a 02 8c 01 4b 00 02 01 00 2e 00 00 00 00 00 00 00 00 00 00 00 00 00 00 00 00 00 00 00 00 00 00 00 00 00 00 00 00 00 00 00 00 00 00 00 00 00 00 00 00 00 00 00 00 00 00 00 00 00 00 00 00 00 00 00 00 00 00 00 00 00 00 00 00 00 00 00 00 00 00 00 00 00 e3 00
-- slot 0x50
usb 1532:00a8:02142000:usb pid=0x00a8
response[90]: 02 1f 00 00 00 0a 02 8c 01 50 00 02 01 00 1e 00 00 00 00 00 00 00 00 00 00 00 00 00 00 00 00 00 00 00 00 00 00 00 00 00 00 00 00 00 00 00 00 00 00 00 00 00 00 00 00 00 00 00 00 00 00 00 00 00 00 00 00 00 00 00 00 00 00 00 00 00 00 00 00 00 00 00 00 00 00 00 00 00 c8 00
-- slot 0x55
usb 1532:00a8:02142000:usb pid=0x00a8
response[90]: 02 1f 00 00 00 0a 02 8c 01 55 00 02 01 00 23 00 00 00 00 00 00 00 00 00 00 00 00 00 00 00 00 00 00 00 00 00 00 00 00 00 00 00 00 00 00 00 00 00 00 00 00 00 00 00 00 00 00 00 00 00 00 00 00 00 00 00 00 00 00 00 00 00 00 00 00 00 00 00 00 00 00 00 00 00 00 00 00 00 f0 00
-- slot 0x60
usb 1532:00a8:02142000:usb pid=0x00a8
response[90]: 02 1f 00 00 00 0a 02 8c 01 60 00 06 01 06 00 00 00 00 00 00 00 00 00 00 00 00 00 00 00 00 00 00 00 00 00 00 00 00 00 00 00 00 00 00 00 00 00 00 00 00 00 00 00 00 00 00 00 00 00 00 00 00 00 00 00 00 00 00 00 00 00 00 00 00 00 00 00 00 00 00 00 00 00 00 00 00 00 00 e4 00
-- slot 0x6D
usb 1532:00a8:02142000:usb pid=0x00a8
response[90]: 02 1f 00 00 00 0a 02 8c 01 6d 00 12 01 04 00 00 00 00 00 00 00 00 00 00 00 00 00 00 00 00 00 00 00 00 00 00 00 00 00 00 00 00 00 00 00 00 00 00 00 00 00 00 00 00 00 00 00 00 00 00 00 00 00 00 00 00 00 00 00 00 00 00 00 00 00 00 00 00 00 00 00 00 00 00 00 00 00 00 ff 00
== native bank button slots (profile 03) ==
-- slot 0x01
usb 1532:00a8:02142000:usb pid=0x00a8
response[90]: 02 1f 00 00 00 0a 02 8c 03 01 00 01 01 01 00 00 00 00 00 00 00 00 00 00 00 00 00 00 00 00 00 00 00 00 00 00 00 00 00 00 00 00 00 00 00 00 00 00 00 00 00 00 00 00 00 00 00 00 00 00 00 00 00 00 00 00 00 00 00 00 00 00 00 00 00 00 00 00 00 00 00 00 00 00 00 00 00 00 87 00
-- slot 0x02
usb 1532:00a8:02142000:usb pid=0x00a8
response[90]: 02 1f 00 00 00 0a 02 8c 03 02 00 01 01 02 00 00 00 00 00 00 00 00 00 00 00 00 00 00 00 00 00 00 00 00 00 00 00 00 00 00 00 00 00 00 00 00 00 00 00 00 00 00 00 00 00 00 00 00 00 00 00 00 00 00 00 00 00 00 00 00 00 00 00 00 00 00 00 00 00 00 00 00 00 00 00 00 00 00 87 00
-- slot 0x03
usb 1532:00a8:02142000:usb pid=0x00a8
response[90]: 02 1f 00 00 00 0a 02 8c 03 03 00 01 01 03 00 00 00 00 00 00 00 00 00 00 00 00 00 00 00 00 00 00 00 00 00 00 00 00 00 00 00 00 00 00 00 00 00 00 00 00 00 00 00 00 00 00 00 00 00 00 00 00 00 00 00 00 00 00 00 00 00 00 00 00 00 00 00 00 00 00 00 00 00 00 00 00 00 00 87 00
-- slot 0x04
usb 1532:00a8:02142000:usb pid=0x00a8
response[90]: 02 1f 00 00 00 0a 02 8c 03 04 00 01 01 04 00 00 00 00 00 00 00 00 00 00 00 00 00 00 00 00 00 00 00 00 00 00 00 00 00 00 00 00 00 00 00 00 00 00 00 00 00 00 00 00 00 00 00 00 00 00 00 00 00 00 00 00 00 00 00 00 00 00 00 00 00 00 00 00 00 00 00 00 00 00 00 00 00 00 87 00
-- slot 0x05
usb 1532:00a8:02142000:usb pid=0x00a8
response[90]: 02 1f 00 00 00 0a 02 8c 03 05 00 01 01 05 00 00 00 00 00 00 00 00 00 00 00 00 00 00 00 00 00 00 00 00 00 00 00 00 00 00 00 00 00 00 00 00 00 00 00 00 00 00 00 00 00 00 00 00 00 00 00 00 00 00 00 00 00 00 00 00 00 00 00 00 00 00 00 00 00 00 00 00 00 00 00 00 00 00 87 00
-- slot 0x09
usb 1532:00a8:02142000:usb pid=0x00a8
response[90]: 02 1f 00 00 00 0a 02 8c 03 09 00 01 01 09 00 00 00 00 00 00 00 00 00 00 00 00 00 00 00 00 00 00 00 00 00 00 00 00 00 00 00 00 00 00 00 00 00 00 00 00 00 00 00 00 00 00 00 00 00 00 00 00 00 00 00 00 00 00 00 00 00 00 00 00 00 00 00 00 00 00 00 00 00 00 00 00 00 00 87 00
-- slot 0x0A
usb 1532:00a8:02142000:usb pid=0x00a8
response[90]: 02 1f 00 00 00 0a 02 8c 03 0a 00 01 01 0a 00 00 00 00 00 00 00 00 00 00 00 00 00 00 00 00 00 00 00 00 00 00 00 00 00 00 00 00 00 00 00 00 00 00 00 00 00 00 00 00 00 00 00 00 00 00 00 00 00 00 00 00 00 00 00 00 00 00 00 00 00 00 00 00 00 00 00 00 00 00 00 00 00 00 87 00
-- slot 0x0E
usb 1532:00a8:02142000:usb pid=0x00a8
response[90]: 02 1f 00 00 00 0a 02 8c 03 0e 00 07 01 04 00 00 00 00 00 00 00 00 00 00 00 00 00 00 00 00 00 00 00 00 00 00 00 00 00 00 00 00 00 00 00 00 00 00 00 00 00 00 00 00 00 00 00 00 00 00 00 00 00 00 00 00 00 00 00 00 00 00 00 00 00 00 00 00 00 00 00 00 00 00 00 00 00 00 8b 00
-- slot 0x34
usb 1532:00a8:02142000:usb pid=0x00a8
response[90]: 02 1f 00 00 00 0a 02 8c 03 34 00 0e 01 68 00 14 00 00 00 00 00 00 00 00 00 00 00 00 00 00 00 00 00 00 00 00 00 00 00 00 00 00 00 00 00 00 00 00 00 00 00 00 00 00 00 00 00 00 00 00 00 00 00 00 00 00 00 00 00 00 00 00 00 00 00 00 00 00 00 00 00 00 00 00 00 00 00 00 c0 00
-- slot 0x35
usb 1532:00a8:02142000:usb pid=0x00a8
response[90]: 02 1f 00 00 00 0a 02 8c 03 35 00 0e 01 69 00 14 00 00 00 00 00 00 00 00 00 00 00 00 00 00 00 00 00 00 00 00 00 00 00 00 00 00 00 00 00 00 00 00 00 00 00 00 00 00 00 00 00 00 00 00 00 00 00 00 00 00 00 00 00 00 00 00 00 00 00 00 00 00 00 00 00 00 00 00 00 00 00 00 c0 00
-- slot 0x40
usb 1532:00a8:02142000:usb pid=0x00a8
response[90]: 02 1f 00 00 00 0a 02 8c 03 40 00 02 01 00 1e 00 00 00 00 00 00 00 00 00 00 00 00 00 00 00 00 00 00 00 00 00 00 00 00 00 00 00 00 00 00 00 00 00 00 00 00 00 00 00 00 00 00 00 00 00 00 00 00 00 00 00 00 00 00 00 00 00 00 00 00 00 00 00 00 00 00 00 00 00 00 00 00 00 da 00
-- slot 0x41
usb 1532:00a8:02142000:usb pid=0x00a8
response[90]: 02 1f 00 00 00 0a 02 8c 03 41 00 02 01 00 1f 00 00 00 00 00 00 00 00 00 00 00 00 00 00 00 00 00 00 00 00 00 00 00 00 00 00 00 00 00 00 00 00 00 00 00 00 00 00 00 00 00 00 00 00 00 00 00 00 00 00 00 00 00 00 00 00 00 00 00 00 00 00 00 00 00 00 00 00 00 00 00 00 00 da 00
-- slot 0x42
usb 1532:00a8:02142000:usb pid=0x00a8
response[90]: 02 1f 00 00 00 0a 02 8c 03 42 00 02 01 00 20 00 00 00 00 00 00 00 00 00 00 00 00 00 00 00 00 00 00 00 00 00 00 00 00 00 00 00 00 00 00 00 00 00 00 00 00 00 00 00 00 00 00 00 00 00 00 00 00 00 00 00 00 00 00 00 00 00 00 00 00 00 00 00 00 00 00 00 00 00 00 00 00 00 e6 00
-- slot 0x43
usb 1532:00a8:02142000:usb pid=0x00a8
response[90]: 02 1f 00 00 00 0a 02 8c 03 43 00 02 01 00 21 00 00 00 00 00 00 00 00 00 00 00 00 00 00 00 00 00 00 00 00 00 00 00 00 00 00 00 00 00 00 00 00 00 00 00 00 00 00 00 00 00 00 00 00 00 00 00 00 00 00 00 00 00 00 00 00 00 00 00 00 00 00 00 00 00 00 00 00 00 00 00 00 00 e6 00
-- slot 0x44
usb 1532:00a8:02142000:usb pid=0x00a8
response[90]: 02 1f 00 00 00 0a 02 8c 03 44 00 02 01 00 22 00 00 00 00 00 00 00 00 00 00 00 00 00 00 00 00 00 00 00 00 00 00 00 00 00 00 00 00 00 00 00 00 00 00 00 00 00 00 00 00 00 00 00 00 00 00 00 00 00 00 00 00 00 00 00 00 00 00 00 00 00 00 00 00 00 00 00 00 00 00 00 00 00 e2 00
-- slot 0x45
usb 1532:00a8:02142000:usb pid=0x00a8
response[90]: 02 1f 00 00 00 0a 02 8c 03 45 00 02 01 00 23 00 00 00 00 00 00 00 00 00 00 00 00 00 00 00 00 00 00 00 00 00 00 00 00 00 00 00 00 00 00 00 00 00 00 00 00 00 00 00 00 00 00 00 00 00 00 00 00 00 00 00 00 00 00 00 00 00 00 00 00 00 00 00 00 00 00 00 00 00 00 00 00 00 e2 00
-- slot 0x46
usb 1532:00a8:02142000:usb pid=0x00a8
response[90]: 02 1f 00 00 00 0a 02 8c 03 46 00 02 01 00 24 00 00 00 00 00 00 00 00 00 00 00 00 00 00 00 00 00 00 00 00 00 00 00 00 00 00 00 00 00 00 00 00 00 00 00 00 00 00 00 00 00 00 00 00 00 00 00 00 00 00 00 00 00 00 00 00 00 00 00 00 00 00 00 00 00 00 00 00 00 00 00 00 00 e6 00
-- slot 0x47
usb 1532:00a8:02142000:usb pid=0x00a8
response[90]: 02 1f 00 00 00 0a 02 8c 03 47 00 02 01 00 25 00 00 00 00 00 00 00 00 00 00 00 00 00 00 00 00 00 00 00 00 00 00 00 00 00 00 00 00 00 00 00 00 00 00 00 00 00 00 00 00 00 00 00 00 00 00 00 00 00 00 00 00 00 00 00 00 00 00 00 00 00 00 00 00 00 00 00 00 00 00 00 00 00 e6 00
-- slot 0x48
usb 1532:00a8:02142000:usb pid=0x00a8
response[90]: 02 1f 00 00 00 0a 02 8c 03 48 00 02 01 00 26 00 00 00 00 00 00 00 00 00 00 00 00 00 00 00 00 00 00 00 00 00 00 00 00 00 00 00 00 00 00 00 00 00 00 00 00 00 00 00 00 00 00 00 00 00 00 00 00 00 00 00 00 00 00 00 00 00 00 00 00 00 00 00 00 00 00 00 00 00 00 00 00 00 ea 00
-- slot 0x49
usb 1532:00a8:02142000:usb pid=0x00a8
response[90]: 02 1f 00 00 00 0a 02 8c 03 49 00 02 01 00 27 00 00 00 00 00 00 00 00 00 00 00 00 00 00 00 00 00 00 00 00 00 00 00 00 00 00 00 00 00 00 00 00 00 00 00 00 00 00 00 00 00 00 00 00 00 00 00 00 00 00 00 00 00 00 00 00 00 00 00 00 00 00 00 00 00 00 00 00 00 00 00 00 00 ea 00
-- slot 0x4A
usb 1532:00a8:02142000:usb pid=0x00a8
response[90]: 02 1f 00 00 00 0a 02 8c 03 4a 00 02 01 00 2d 00 00 00 00 00 00 00 00 00 00 00 00 00 00 00 00 00 00 00 00 00 00 00 00 00 00 00 00 00 00 00 00 00 00 00 00 00 00 00 00 00 00 00 00 00 00 00 00 00 00 00 00 00 00 00 00 00 00 00 00 00 00 00 00 00 00 00 00 00 00 00 00 00 e3 00
-- slot 0x4B
usb 1532:00a8:02142000:usb pid=0x00a8
response[90]: 02 1f 00 00 00 0a 02 8c 03 4b 00 02 01 00 2e 00 00 00 00 00 00 00 00 00 00 00 00 00 00 00 00 00 00 00 00 00 00 00 00 00 00 00 00 00 00 00 00 00 00 00 00 00 00 00 00 00 00 00 00 00 00 00 00 00 00 00 00 00 00 00 00 00 00 00 00 00 00 00 00 00 00 00 00 00 00 00 00 00 e1 00
-- slot 0x50
usb 1532:00a8:02142000:usb pid=0x00a8
response[90]: 02 1f 00 00 00 0a 02 8c 03 50 00 02 01 00 1e 00 00 00 00 00 00 00 00 00 00 00 00 00 00 00 00 00 00 00 00 00 00 00 00 00 00 00 00 00 00 00 00 00 00 00 00 00 00 00 00 00 00 00 00 00 00 00 00 00 00 00 00 00 00 00 00 00 00 00 00 00 00 00 00 00 00 00 00 00 00 00 00 00 ca 00
-- slot 0x51
usb 1532:00a8:02142000:usb pid=0x00a8
response[90]: 02 1f 00 00 00 0a 02 8c 03 51 00 02 01 00 1f 00 00 00 00 00 00 00 00 00 00 00 00 00 00 00 00 00 00 00 00 00 00 00 00 00 00 00 00 00 00 00 00 00 00 00 00 00 00 00 00 00 00 00 00 00 00 00 00 00 00 00 00 00 00 00 00 00 00 00 00 00 00 00 00 00 00 00 00 00 00 00 00 00 ca 00
-- slot 0x52
usb 1532:00a8:02142000:usb pid=0x00a8
response[90]: 02 1f 00 00 00 0a 02 8c 03 52 00 02 01 00 20 00 00 00 00 00 00 00 00 00 00 00 00 00 00 00 00 00 00 00 00 00 00 00 00 00 00 00 00 00 00 00 00 00 00 00 00 00 00 00 00 00 00 00 00 00 00 00 00 00 00 00 00 00 00 00 00 00 00 00 00 00 00 00 00 00 00 00 00 00 00 00 00 00 f6 00
-- slot 0x53
usb 1532:00a8:02142000:usb pid=0x00a8
response[90]: 02 1f 00 00 00 0a 02 8c 03 53 00 02 01 00 21 00 00 00 00 00 00 00 00 00 00 00 00 00 00 00 00 00 00 00 00 00 00 00 00 00 00 00 00 00 00 00 00 00 00 00 00 00 00 00 00 00 00 00 00 00 00 00 00 00 00 00 00 00 00 00 00 00 00 00 00 00 00 00 00 00 00 00 00 00 00 00 00 00 f6 00
-- slot 0x54
usb 1532:00a8:02142000:usb pid=0x00a8
response[90]: 02 1f 00 00 00 0a 02 8c 03 54 00 02 01 00 22 00 00 00 00 00 00 00 00 00 00 00 00 00 00 00 00 00 00 00 00 00 00 00 00 00 00 00 00 00 00 00 00 00 00 00 00 00 00 00 00 00 00 00 00 00 00 00 00 00 00 00 00 00 00 00 00 00 00 00 00 00 00 00 00 00 00 00 00 00 00 00 00 00 f2 00
-- slot 0x55
usb 1532:00a8:02142000:usb pid=0x00a8
response[90]: 02 1f 00 00 00 0a 02 8c 03 55 00 02 01 00 23 00 00 00 00 00 00 00 00 00 00 00 00 00 00 00 00 00 00 00 00 00 00 00 00 00 00 00 00 00 00 00 00 00 00 00 00 00 00 00 00 00 00 00 00 00 00 00 00 00 00 00 00 00 00 00 00 00 00 00 00 00 00 00 00 00 00 00 00 00 00 00 00 00 f2 00
-- slot 0x60
usb 1532:00a8:02142000:usb pid=0x00a8
response[90]: 02 1f 00 00 00 0a 02 8c 03 60 00 06 01 06 00 00 00 00 00 00 00 00 00 00 00 00 00 00 00 00 00 00 00 00 00 00 00 00 00 00 00 00 00 00 00 00 00 00 00 00 00 00 00 00 00 00 00 00 00 00 00 00 00 00 00 00 00 00 00 00 00 00 00 00 00 00 00 00 00 00 00 00 00 00 00 00 00 00 e6 00
-- slot 0x6D
usb 1532:00a8:02142000:usb pid=0x00a8
response[90]: 02 1f 00 00 00 0a 02 8c 03 6d 00 12 01 04 00 00 00 00 00 00 00 00 00 00 00 00 00 00 00 00 00 00 00 00 00 00 00 00 00 00 00 00 00 00 00 00 00 00 00 00 00 00 00 00 00 00 00 00 00 00 00 00 00 00 00 00 00 00 00 00 00 00 00 00 00 00 00 00 00 00 00 00 00 00 00 00 00 00 fd 00
== lighting reads ==
-- effect read LED 0x04 (0f:82)
usb 1532:00a8:02142000:usb pid=0x00a8
response[90]: 02 1f 00 00 00 0c 0f 82 00 04 00 00 00 00 00 00 00 00 00 00 00 00 00 00 00 00 00 00 00 00 00 00 00 00 00 00 00 00 00 00 00 00 00 00 00 00 00 00 00 00 00 00 00 00 00 00 00 00 00 00 00 00 00 00 00 00 00 00 00 00 00 00 00 00 00 00 00 00 00 00 00 00 00 00 00 00 00 00 85 00
-- brightness read LED 0x04 (0f:84)
usb 1532:00a8:02142000:usb pid=0x00a8
response[90]: 02 1f 00 00 00 03 0f 84 01 04 ff 00 00 00 00 00 00 00 00 00 00 00 00 00 00 00 00 00 00 00 00 00 00 00 00 00 00 00 00 00 00 00 00 00 00 00 00 00 00 00 00 00 00 00 00 00 00 00 00 00 00 00 00 00 00 00 00 00 00 00 00 00 00 00 00 00 00 00 00 00 00 00 00 00 00 00 00 00 72 00
-- effect read LED 0x05 (0f:82)
usb 1532:00a8:02142000:usb pid=0x00a8
response[90]: 02 1f 00 00 00 0c 0f 82 00 05 01 00 00 01 00 00 ff 00 00 00 00 00 00 00 00 00 00 00 00 00 00 00 00 00 00 00 00 00 00 00 00 00 00 00 00 00 00 00 00 00 00 00 00 00 00 00 00 00 00 00 00 00 00 00 00 00 00 00 00 00 00 00 00 00 00 00 00 00 00 00 00 00 00 00 00 00 00 00 7b 00
== lighting writes (ACK evidence; the final commands leave the logo off) ==
-- mode switcher (0f:02 00 00 08 00 00 00)
usb 1532:00a8:02142000:usb pid=0x00a8
response[90]: 02 1f 00 00 00 06 0f 02 00 00 08 00 00 00 00 00 00 00 00 00 00 00 00 00 00 00 00 00 00 00 00 00 00 00 00 00 00 00 00 00 00 00 00 00 00 00 00 00 00 00 00 00 00 00 00 00 00 00 00 00 00 00 00 00 00 00 00 00 00 00 00 00 00 00 00 00 00 00 00 00 00 00 00 00 00 00 00 00 03 00
-- whole-device brightness max (0f:04 LED 0x00)
usb 1532:00a8:02142000:usb pid=0x00a8
response[90]: 02 1f 00 00 00 03 0f 04 01 00 ff 00 00 00 00 00 00 00 00 00 00 00 00 00 00 00 00 00 00 00 00 00 00 00 00 00 00 00 00 00 00 00 00 00 00 00 00 00 00 00 00 00 00 00 00 00 00 00 00 00 00 00 00 00 00 00 00 00 00 00 00 00 00 00 00 00 00 00 00 00 00 00 00 00 00 00 00 00 f6 00
-- naga-trinity static red/green/blue triplets
usb 1532:00a8:02142000:usb pid=0x00a8
response[90]: 02 1f 00 00 00 0e 0f 03 00 00 00 00 02 ff 00 00 00 ff 00 00 00 ff 00 00 00 00 00 00 00 00 00 00 00 00 00 00 00 00 00 00 00 00 00 00 00 00 00 00 00 00 00 00 00 00 00 00 00 00 00 00 00 00 00 00 00 00 00 00 00 00 00 00 00 00 00 00 00 00 00 00 00 00 00 00 00 00 00 00 ff 00
-- logo static green (0f:02 LED 0x04)
usb 1532:00a8:02142000:usb pid=0x00a8
response: nil
-- logo spectrum (0f:02 LED 0x04)
usb 1532:00a8:02142000:usb pid=0x00a8
response: nil
-- logo pulse single (0f:02 LED 0x04)
usb 1532:00a8:02142000:usb pid=0x00a8
response[90]: 02 1f 00 00 00 09 0f 02 01 04 02 01 00 01 00 ff 00 00 00 00 00 00 00 00 00 00 00 00 00 00 00 00 00 00 00 00 00 00 00 00 00 00 00 00 00 00 00 00 00 00 00 00 00 00 00 00 00 00 00 00 00 00 00 00 00 00 00 00 00 00 00 00 00 00 00 00 00 00 00 00 00 00 00 00 00 00 00 00 fc 00
-- custom frame single logo cell magenta (0f:03)
usb 1532:00a8:02142000:usb pid=0x00a8
response[90]: 02 1f 00 00 00 08 0f 03 01 00 00 00 00 ff 00 ff 00 00 00 00 00 00 00 00 00 00 00 00 00 00 00 00 00 00 00 00 00 00 00 00 00 00 00 00 00 00 00 00 00 00 00 00 00 00 00 00 00 00 00 00 00 00 00 00 00 00 00 00 00 00 00 00 00 00 00 00 00 00 00 00 00 00 00 00 00 00 00 00 05 00
-- custom frame 3 cells red/green/blue (0f:03)
usb 1532:00a8:02142000:usb pid=0x00a8
response[90]: 02 1f 00 00 00 0e 0f 03 01 00 00 02 00 ff 00 00 00 ff 00 00 00 ff 00 00 00 00 00 00 00 00 00 00 00 00 00 00 00 00 00 00 00 00 00 00 00 00 00 00 00 00 00 00 00 00 00 00 00 00 00 00 00 00 00 00 00 00 00 00 00 00 00 00 00 00 00 00 00 00 00 00 00 00 00 00 00 00 00 00 fe 00
-- logo off (0f:02 LED 0x04)
usb 1532:00a8:02142000:usb pid=0x00a8
response: nil
-- whole-device none (0f:02)
usb 1532:00a8:02142000:usb pid=0x00a8
response[90]: 02 1f 00 00 00 06 0f 02 00 00 00 00 00 00 00 00 00 00 00 00 00 00 00 00 00 00 00 00 00 00 00 00 00 00 00 00 00 00 00 00 00 00 00 00 00 00 00 00 00 00 00 00 00 00 00 00 00 00 00 00 00 00 00 00 00 00 00 00 00 00 00 00 00 00 00 00 00 00 00 00 00 00 00 00 00 00 00 00 0b 00
